$ANSIBLE_VAULT;1.1;AES256
61643631653439323032363663343936363336616333313435393734393566303437616262333236
3062613764623836636163373062343861393161373939360a633966663461373035373666366239
31376439363530323661373338373831376561383836316162323634363538373236663464663463
3866633532373633650a303761356334366136303532316662323530303561656131323530623735
38323266633930316461323838653533613132616239646663346231356332663432306630393239
63383436396631626430366133613366326131656130336631383265326364633230363963323139
65653866613361626334366633333562376166646466653765336562363562356338636530343163
35383039336364653837663333393731356663383335653861633838313635323437393065356230
37343131616235613361333363373938616465653936353331313633373537313938393261303263
35333132633834663466376535386430326163613539346663306139363633383837616265356661
35373635643062303535363530383133623438303561306365336236303531343734306230326532
36383033643039383434623463363632656662303864343763633861386339326232653433313437
33613134616463633665333563343136373564653530636264363261636430656531386664336165
64343436356431323866373831323930373037386365626661626230653061396430323032623138
39303233303031666136333561613539326261653164666239663565323230306131616434653431
64666237313766616664643234373831356337306661373964343433313539366661633039346132
35313835376334656664326232356338646162393530656364653665346234326431663464316132
62383831336630323539383733653730353066323937663633386562626139383564663166363631
38363365373364303136313162366362356437616339396637323332666461326236666337333663
66303935326462333061326430643064353062313832646365303635646162316266383661333562
34303239323761353830306362303630636430636661396562623039336636313463383564306463
32626637653833326138613039393133336535316264373433373461333735303161323430373031
36363736343330646530643334356166643566613537643634313235366665353537386130653761
64653963346364623866346637363339393830353963633633323264303837663966313062303266
39393333646438336666646362663465346333666532663732336566326462343765353232633631
38373930626534663561663237623132306532636664626363343638333234616563316561373232
65633564363033336236316338303133343733386431303062386566643636336536663730633135
37373762326266303635316339376238643162636362626434363139316364353035346334666661
62653231376632373838316365616435626665343566353061323932626361356264376430316635
61663661386138316332643431666262353030393733316535383962613837306536643734343438
34643066323561383037323364656233633636393262663334373362613939333233626566623462
39633765343039383530363632366465386265303833613037316634656631613937336561316666
33323338356433333161616161633035396232333336653530393936326163346265333331623534
38333261363334656130643033386639653432653633373134313265366663353332366464353161
36363536323632653166663566633862633133653439363436613537326139326131356438343261
36343334383561666635343362303939313863383735633533633762663935656263646530623965
37363037373834326239373438396362663764323738336234313735393363386365306566636634
37376261623136656538636663336233373733353437386266646338663937633937386236336534
35313835363432383539386333643239636637336336353034393461613039376163346166646537
36383537643533323938393234336535646432353732623630383135626365623034356231343962
66396630663061613261616561653239343231353234386132383065353338396234623532306530
63633530393131643535616534386333613533663337623830383666656136303934643331306338
32346666306230653234306631346133623366343264613036383730373763353933633333376462
65663263663934653366623339663537653731316432316463373134313438323732346632623530
37396539656630346433633461626132373532383437396461316534343135623638333234616339
38613639333033613361353562396538313161653037306465623561663031643665383532333834
31623965323563623334343939666637373030333761356432646362623064356463386134383235
32656434323739666631636630343832666639626661643662373434336130386432356231343234
38376539643738393037633963653036656432636564353037666562643065393433646335346237
30333762383039356531366666656365383661613166623665643465653631376132616565316233
61386661613937343730336139393630636265643663343033313237666530333134626363303130
35363135326361366163353934663030383866376463663139646536653931636437643565346538
37346432333866316436363233383431373466323238646662386334323437653962313861646636
30343137323531353639376534613361353337363034303838396536333661303863323233393133
66373031303065363261663636633961303661323837386339336362366631316637666666643461
33653466383930346330656638343739313064343262363335643162643836663466353039343231
38323632663664393764623731653932376439613333303666346138373737353531366532656364
34666633626539393932326338313263653634626130376231613338386135646161316635663664
35643733623333656430616665343163366239653765313966613964646533313632323537613761
39386538336537363030373264633365376430613832616139333230666364306232626338336237
36363935383066666239343238663164333837643363396330376138363664626633383136653265
33383435313265656135333134653563346263613833623863626139336666363731653665616463
66383133303333656164663939343234633935643739353337396238336636616339373133623465
38346466343239633336373836643037633638626466373530393066363862656166343363383138
30336630353035643235343662666432343766316430633061616336303538643833663466666136
38643562393765636635336439313161353139656530366133396163616462636131343733306536
61366638613861373862323661633237613762303961333434383434326334646661383466313061
36666138393438643164383933633838343363326239653335646237333765363238373436313636
37316564633032313639303062643332666465616563636363646261393064353365666231636530
64306132343939643964326537356533343732636539393762353434333030393365643936363463
34313939313935303035306466373739653263343962613463333136663861323832323563633831
64343233386563326565343766396334356536373734613733663734656264366637653030363837
32323932373431663061646434383361663438346631343765373031373032656261343637323832
30313562353534656230616235396566626664393564343064313363636637663537646437636431
34306266613661353239303133633930353631643366373834393139623036333662623564326238
62386439346136643963363333646665343530623165393835633466323930373332343339383736
35633730393262313963373730313564626233623035393834386234346563383634613162363036
30316338646164323236366337306365653866663033666162336538363963373565373234666363
37636639316431346433366361323139653937393331663064343435343436376634636262363133
37303431313235656539333162303263376565373639323032366330663532396530613562613332
39613661366434653731383036623665656364326666396532353863303633376162333330373839
38383231656434666230623337353733633764333433303262323530653462633234666637663830
63306230623764656365653364316235663461373737633330616237316232363861393238323631
30313565376161306366636237643466316366343265633264656663346534326233323363303762
31633733316539363866366138363631343833313733316536633838393934303035366337633066
37313236373032633433636164656133373862323032393136346238356337373562636366313831
31303433643131356638396434393865373431636636663266656463373536653437653339333562
36653965386333323964643039303338376639656238326265663435326230643066343235386563
63356566653138653562656161653139366261623263333862643061313036363138356530653733
37623432346537306666643434356630613733316661646461663432333662363939636539386663
39386639626133376264373435326137303366343166346536623030373430383436653938313034
61613062626130643061393764386564306231393632613234386331353832646637303264393338
66343133343130636336626564393135663565626365383163303137613134653866366364363330
38336163393364393735633739373237646565303337363639333864626636396635393166373262
33323633373266623133343534343434666562643439623830386132643037383761366237346265
64626539313565636366343430316232343534336635626632666534623466663536346566313832
64373735393939623663333762656234623433646136353236643632373062333062633961303664
63323536396465316431373930633862613338363666623530373631323531613333383237363934
38333161363935363633626362363465633139376636666132303162616235353130623564326633
31393265633061343936396239383733626263653237323464376136363739393233316462393439
62653435363564303734346664303164386238383038643532333563356331356130666364333064
38646564353139646465643761323366613835616638636638386139333462373362313739363262
64373439386234663939646264343932633638366637376665396266306139333036353964343538
39323635666430353432336338383239626139303362323632373966366264383633636261366131
33653966373236363536636137623737616334396364326237663335303337366133343763646161
30303333623864386138373534306464383665643239386535653530383135636264313132393361
30616166376235396239663730633036633435396538363561313830633264363236396534313634
66386366383231336166393336646336633933333838646337353236663535316461356264356639
34333831633339303537613538666339616431396134373138303864356635303436643934343835
37323839353738313433623932393466343466353163636531353732666339653364303966326330
32656464626235363238656236343230333737646532616661626563313830396531363565643364
65623263316633333463316361306537646333303961393263613834313131616565303834633935
39323164613965633666656362376635366330653962313661303035656261666433396332343233
65636238396535616633636337393266353731646461333663626464333838643635313466343664
62366433303430316638666631623238383165333132363365333933653034626239646539383232
64333366633433303366646263613565303637363261656632396266643138343231643832323234
62633431356133663136613135653263366161373333393465333762613762386262336163666434
39316237303263383661353230623437653364646238356264376163623636636131616330313037
33393932666338393937333735643838633961616138366334393266353762616236373663646166
37303061653935643164356465613436653436306531343339326436323366663835306263363130
66386634363365326630633065356335626466333731313264393461353533393638383166393963
30303731326635363836326466316663396632626630393661376438343964656339666566616631
33623838376236376562303830656363653665663036353666613664383764306162663466366137
37383563373661393265393763343161356636323966366235666231636237623035646633376336
38303138353339373962313365633030383338373264666438323566623839346631306466396163
39656163613133616138393835653232363261303263653562613866663461363362656266303335
65656335306338306331646339353266326431663562653533643634323935343863343266306439
62626262333834616131383830623766666435323030643233646636366230313439346264363432
66396234666162616563373631313939613362383637383832323466363362663037323261303234
33373761636537376562643538613465363538346438663064613439383964396463383738383338
36386332313266316664623636373032303262373337613233633435326366633966656630316365
32666332363934633137646463663535616432323465343238396265373238343035356338623038
63323263343866343364353062633333373235363338663638373937323661646363643039653834
3530336462313964303434643237363464303838666264643262
